                                        New Castle, Virginia
                                     Contributed by John Godrey
                          Last updated Saturday, 22 July 2017 at 23:08 GMT

             Distances [ statute miles ] Lower Left ‐ Headings [ magnetic ] Upper Right

                       STR  ALT  ALS  BLC  BGH  BGW  BLA  BCH  CTW  CVN  CRG  EGL  ERV  GPM  HLL  HNT  ING  LXN  MGG  MRN  MCC  MLL  MNT  MTN  NRR  NWC  NWL  NWR  ORS  PKS  RDF  RVR  SWT  TZW  UNN  WNS  WTS
Start NCI          STR  ‐    53  233   81   51  251  230   90  227   24   52   60  265  297  227  301   32   67  264  252  248   44   32  259  264    0  117  242   43  103  228   48  332  262  296   65  245  STR
Alt Start A        ALT   5   ‐   233   85   50  249  231  100  229   16   51   62  263  285  228  294   29   69  257  251  246   43   30  255  261  233  123  241   35  112  229   47  310  260  287   66  242  ALT
Alt Start B        ALS   5   10   ‐    78   51  252  230   83  225   30   52   58  268  313  227  309   35   66  277  253  251   45   33  265  268   53  111  243   46   96  228   49  352  264  307   64  250  ALS
Balcony Downs      BLC  39   35   43   ‐   294  255  249  250  251  292   13  282  264  272  240  281  322    4  262  255  255  344  359  260  263  261  178  252  274  224  246  307  277  262  275   50  257  BLC
Big Hill           BGH  24   19   29   22   ‐   246  231  167  229  289   52  187  255  259  228  274    4   86  244  248  241   38   23  245  252  231  149  238  238  158  230   37  262  255  265   71  237  BGH
Big Walker         BGW  64   69   60  103   87   ‐    82   75   78   59   61   67   11   56  146   36   57   69   66  255   73   59   50   65   50   70   89   84   66   80   92   63   59  302   49   67   72  BGW
Blacksburg         BLA  25   30   20   62   49   42   ‐    68   57   39   51   54  286    8  225  341   40   61   15  260  292   46   37  334  301   50   94  260   48   78  224   49   26  275  353   61   27  BLA
Buchanan           BCH  22   18   26   18   15   85   44   ‐   251  324   33  338  267  282  238  290  355   47  268  256  257   16   15  264  267  270  139  252  301  142  245  358  292  264  284   56  260  BCH
Catawba Valley     CTW  17   22   12   54   41   49    8   37   ‐    35   50   54  278  351  227  329   37   61  345  258  269   45   35  299  286   47   99  252   45   82  230   48   16  270  336   61  339  CTW
Covington          CVN  20   16   25   32   11   80   44   23   37   ‐    65  130  250  247  222  270   43   94  230  244  232   60   35  235  245  204  141  229  183  143  220   87  244  251  257   77  222  CVN
Craigsville        CRG  57   52   62   30   33  120   82   42   74   40   ‐   228  249  246  230  258  259  197  239  244  238  255  343  240  245  232  186  236  234  204  231  235  245  249  251   98  235  CRG
Eagle Rock         EGL  20   16   25   21    5   85   46   11   38   12   37   ‐   259  266  231  280    5   75  250  250  245   32   22  250  256  240  144  241  259  151  233   23  272  257  271   67  242  EGL
East River         ERV  58   62   54   97   78   16   40   80   45   70  110   77   ‐    72  163   48   65   77   84  230  103   67   55   89   85   84   98  120   78   90  119   72   72  252   64   73   92  ERV
Gap Mills          GPM  18   20   16   54   35   54   24   38   20   26   66   34   44   ‐   211  304   58   81  178  242  215   63   46  215  243  117  117  215   89  108  198   73   72  252  294   74  176  GPM
Hillsville         HLL  63   68   58   98   87   26   38   81   46   82  120   83   39   60   ‐    14   42   55   37  292   28   46   39   29   10   47   75   26   46   63   46   47   36  316   23   56   41  HLL
Hinton             HNT  36   38   34   70   49   50   37   56   35   39   77   49   36   18   63   ‐    77   92  142  229  178   78   59  165  201  121  118  186  104  113  173   89  106  237  132   82  147  HNT
Ingalls            ING  36   31   40   31   15   95   60   30   53   16   26   20   84   41   98   51   ‐   125  228  241  229   83   32  232  240  213  158  228  208  168  221  169  233  247  246   88  223  ING
Lexington          LXN  42   38   47   10   21  107   67   24   59   31   20   22   99   55  104   70   24   ‐   252  251  248  333  358  252  256  248  179  245  256  209  239  279  264  257  266   62  247  LXN
Maggie             MGG  16   20   12   54   38   49   15   37   11   31   71   35   42   10   52   25   47   57   ‐   249  234   54   41  249  264   84  108  228   67   96  206   61   36  261  330   68  170  MGG
Marion             MRN  89   93   84  127  111   24   66  110   73  103  144  109   35   77   41   71  119  131   74   ‐    73   62   54   68   61   71   86   79   68   78   85   65   63   24   57   68   73  MRN
McCoy Falls        MCC  32   37   27   71   55   32   11   53   17   49   88   52   29   24   35   31   65   74   18   57   ‐    54   43   35  309   68   96  216   61   84  161   58   45  271   17   65   71  MCC
Millboro Springs   MLL  44   39   49   26   21  106   69   33   62   26   14   25   96   52  108   63   12   17   57  130   75   ‐    13  237  244  225  171  233  225  187  227  218  242  249  250   89  230  MLL
Monterey           MNT  70   66   75   54   49  127   95   62   87   51   25   53  115   74  133   80   35   43   81  150   98   29   ‐   224  231  212  179  223  210  189  218  202  222  238  231  132  218  MNT
Mountain Lake      MTN  25   30   21   64   47   39   12   47   14   41   80   45   33   16   44   24   56   67   10   64    9   67   90   ‐   274   78  103  216   67   91  183   62   49  263    7   68  100  MTN
Narrows            NRR  40   44   36   79   61   27   24   62   28   53   93   59   18   27   40   24   68   81   24   51   13   79  100   15   ‐    84  101  162   75   91  144   69   65  259   48   71   96  NRR
New Castle         NWC   0    5    5   39   24   64   25   22   17   20   57   20   58   18   63   36   36   42   16   89   32   44   70   25   40   ‐   117  242   43  103  228   48  332  262  296   65  245  NWC
New London         NWL  44   42   47   26   41  100   59   27   53   50   56   38   98   62   89   80   54   36   58  124   70   52   80   66   81   44   ‐   272  312  318  268  335  305  275  297   29  284  NWL
New River          NWR  40   44   35   77   63   26   16   60   23   57   96   60   26   33   27   38   73   82   26   50    8   83  107   17   16   40   74   ‐    57   78  116   56   43  280   22   63   59  NWR
Oriskany           ORS  11    7   16   31   12   75   37   16   29   10   46   10   67   24   75   40   25   32   25   99   43   33   59   35   49   11   43   51   ‐   128  227   52  282  257  275   69  236  ORS
Peaks Otter        PKS  27   25   31   17   23   89   47    8   40   31   45   19   84   45   82   63   37   26   43  113   57   38   67   52   66   27   19   63   24   ‐   253  348  298  267  290   48  269  PKS
Radford            RDF  35   40   30   71   58   35   10   53   17   54   92   55   36   33   29   42   70   76   24   59   12   79  104   18   23   35   66   10   46   55   ‐    48   30  283    5   59   35  RDF
Riverwood          RVR  29   24   34   21    5   91   54   19   46   13   29    9   82   39   92   52   11   18   42  115   60   16   44   52   65   29   43   68   17   26   63   ‐   254  253  260   75  234  RVR
Sweet Springs      SWT  13   13   14   45   25   64   30   30   24   16   56   24   54   10   68   26   32   45   16   87   33   42   65   25   37   13   55   42   14   37   40   28   ‐   252  270   74  205  SWT
Tazewell County    TZW  78   82   73  117   99   19   58   99   64   90  130   97   20   64   44   55  105  119   62   18   47  116  134   52   38   78  117   43   87  104   52  103   74   ‐    67   73   85  TZW
Union WV           UNN  25   28   24   61   41   50   28   46   25   32   72   40   38    8   59   11   46   62   15   73   24   58   77   16   23   25   70   32   31   53   34   45   17   59   ‐    77  155  UNN
Waynesboro         WNS  76   71   80   40   53  140  100   56   92   62   24   55  131   87  137  100   49   33   90  164  108   37   42  100  114   76   60  115   65   56  109   49   77  152   94   ‐   246  WNS
Wits End           WTS  16   21   11   55   39   48   10   37    5   34   73   37   43   15   48   30   50   58    5   73   16   60   84   10   25   16   56   23   27   41   20   44   20   62   20   92   ‐   WTS
                       STR  ALT  ALS  BLC  BGH  BGW  BLA  BCH  CTW  CVN  CRG  EGL  ERV  GPM  HLL  HNT  ING  LXN  MGG  MRN  MCC  MLL  MNT  MTN  NRR  NWC  NWL  NWR  ORS  PKS  RDF  RVR  SWT  TZW  UNN  WNS  WTS
