    Sunset times for New Castle, Virginia, for 2020, Time zone: US/Eastern
                      Latitude = 37.5 Longitude = -80.1

     Jan   Feb   Mar   Apr   May   Jun   Jul   Aug   Sep   Oct   Nov   Dec

 1   513   544   615   744   811   836   845   828   748   702   521   502
 2   514   546   616   745   812   837   845   827   747   701   520   502
 3   515   547   617   746   813   838   845   826   745   659   519   502
 4   516   548   618   747   814   838   845   825   744   658   518   502
 5   517   549   619   747   815   839   845   824   742   656   517   502

 6   517   550   620   748   816   839   844   822   741   655   516   502
 7   518   551   621   749   816   840   844   821   739   654   516   502
 8   519   552   722   750   817   840   844   820   738   652   515   502
 9   520   553   723   751   818   841   843   819   736   651   514   502
10   521   554   724   752   819   841   843   818   735   649   513   503

11   522   555   725   753   820   842   843   817   733   648   512   503
12   523   556   726   754   821   842   842   815   732   646   511   503
13   524   558   727   755   822   843   842   814   730   645   511   503
14   525   559   727   756   823   843   841   813   729   644   510   503
15   526   600   728   757   823   843   841   812   727   642   509   504

16   527   601   729   757   824   844   840   810   725   641   509   504
17   528   602   730   758   825   844   840   809   724   640   508   505
18   529   603   731   759   826   844   839   808   722   638   507   505
19   530   604   732   800   827   845   838   807   721   637   507   505
20   531   605   733   801   828   845   838   805   719   636   506   506

21   532   606   734   802   828   845   837   804   718   634   506   506
22   533   607   735   803   829   845   836   803   716   633   505   507
23   535   608   736   804   830   845   836   801   715   632   505   507
24   536   609   737   805   831   845   835   800   713   631   504   508
25   537   610   738   806   831   845   834   758   712   629   504   509

26   538   611   738   807   832   846   833   757   710   628   504   509
27   539   612   739   807   833   846   832   756   708   627   503   510
28   540   613   740   808   834   846   831   754   707   626   503   511
29   541   614   741   809   834   845   830   753   705   625   503   511
30   542         742   810   835   845   830   751   704   624   503   512
31   543         743         836         829   750         623         513
